## INDEX

Overtime · 26, 27, 29, 30, 31, 32, 75, 89, 99, 103, 115, 131, 142, 209, 252, 257, 300, 321
Progression · 14, 33, 35, 68, 69, 70, 144, 225, 228, 229, 248
Protection Allowance (WPA) · 3, 69, 260, 285, 359, 406
Schedules · 33, 35, 71, 144, 225, 248, 249
Standard Rate · 3, 17, 33, 35, 68, 71, 72, 75, 108, 132, 144, 195, 198, 249, 252, 257, 359, 360
Vacation Pay · 118
Wages · 10, 24, 33, 129, 135, 138, 172, 175, 198, 215, 243, 252, 257, 268, 314, 382, 383, 384
Work and Family Programs · 124, 147, 303
Work Location · 23, 77, 78, 79, 80, 81, 89, 92, 93, 95, 96, 97, 98, 99, 101, 103, 108, 129, 175, 198
Work Schedules · 334, 359, 390
Daily Tour · See Scheduled Daily Tours
Excused Time Off · 12
Night Tour · 26, 27, 74, 82, 119, 142, 143
Nonscheduled · 3, 30, 31
Scheduled · 3, 11, 13, 24, 26, 27, 28, 29, 30, 31, 32, 35, 73, 74, 78, 81, 89, 90, 91, 102, 103, 111, 112, 115, 116, 118, 119, 121, 122, 123, 131, 135, 142, 143, 144, 192
Scheduled Daily Tours · 3, 26, 81, 112, 122, 123, 142, 382
Scheduled Day · 30, 92, 93, 105, 140, 141
Schedules · 73, 99
Weekly Tour · 3, 13, 24, 26, 32, 35, 78, 81, 111, 112, 115, 116, 119, 121, 122, 123, 135, 142, 231
Workplace of the Future (WPOF) · 386
Workweek · 3, 26, 27, 30, 31, 71, 81, 142

428