## 2007

| January 2007 | February 2007 | March 2007 | April 2007 |
| :--- | :--- | :--- | :--- |
| Su Mo Tu We Th Fr Sa | Su Mo Tu We Th Fr Sa | Su Mo Tu We Th Fr Sa | Su Mo Tu We Th Fr Sa |
| 1 2 3 4 5 6 | 1 2 3 | 1 2 3 | 1 2 3 4 5 6 7 |
| 7 8 9 10 11 12 13 | 4 5 6 7 8 9 10 | 4 5 6 7 8 9 10 | 8 9 10 11 12 13 14 |
| 14 15 16 17 18 19 20 | 11 12 13 14 15 16 17 | 11 12 13 14 15 16 17 | 15 16 17 18 19 20 21 |
| 21 22 23 24 25 26 27 | 18 19 20 21 22 23 24 | 18 19 20 21 22 23 24 | 22 23 24 25 26 27 28 |
| 28 29 30 31 | 25 26 27 28 | 25 26 27 28 29 30 31 | 29 30 |

| May 2007 | June 2007 | July 2007 | August 2007 |
| :--- | :--- | :--- | :--- |
| Su Mo Tu We Th Fr Sa | Su Mo Tu We Th Fr Sa | Su Mo Tu We Th Fr Sa | Su Mo Tu We Th Fr Sa |
| 1 2 3 4 5 | 1 2 | 1 2 3 4 5 6 7 | 1 2 3 4 |
| 6 7 8 9 10 11 12 | 3 4 5 6 7 8 9 | 8 9 10 11 12 13 14 | 5 6 7 8 9 10 11 |
| 13 14 15 16 17 18 19 | 10 11 12 13 14 15 16 | 15 16 17 18 19 20 21 | 12 13 14 15 16 17 18 |
| 20 21 22 23 24 25 26 | 17 18 19 20 21 22 23 | 22 23 24 25 26 27 28 | 19 20 21 22 23 24 25 |
| 27 28 29 30 31 | 24 25 26 27 28 29 30 | 29 30 31 | 26 27 28 29 30 31 |

| September 2007 | October 2007 | November 2007 | December 2007 |
| :--- | :--- | :--- | :--- |
| Su Mo Tu We Th Fr Sa | Su Mo Tu We Th Fr Sa | Su Mo Tu We Th Fr Sa | Su Mo Tu We Th Fr Sa |
| 1 | 1 2 3 4 5 6 | 1 2 3 | 1 |
| 2 3 4 5 6 7 8 | 7 8 9 10 11 12 13 | 4 5 6 7 8 9 10 | 2 3 4 5 6 7 8 |
| 9 10 11 12 13 14 15 | 14 15 16 17 18 19 20 | 11 12 13 14 15 16 17 | 9 10 11 12 13 14 15 |
| 16 17 18 19 20 21 22 | 21 22 23 24 25 26 27 | 18 19 20 21 22 23 24 | 16 17 18 19 20 21 22 |
| 23 24 25 26 27 28 29 | 28 29 30 31 | 25 26 27 28 29 30 | 23 24 25 26 27 28 29 |
| 30 | | | 30 31 |

## 2008

| January 2008 | February 2008 | March 2008 | April 2008 |
| :--- | :--- | :--- | :--- |
| Su Mo Tu We Th Fr Sa | Su Mo Tu We Th Fr Sa | Su Mo Tu We Th Fr Sa | Su Mo Tu We Th Fr Sa |
| 1 2 3 4 5 | 1 2 | 1 | 1 2 3 4 5 |
| 6 7 8 9 10 11 12 | 3 4 5 6 7 8 9 | 2 3 4 5 6 7 8 | 6 7 8 9 10 11 12 |
| 13 14 15 16 17 18 19 | 10 11 12 13 14 15 16 | 9 10 11 12 13 14 15 | 13 14 15 16 17 18 19 |
| 20 21 22 23 24 25 26 | 17 18 19 20 21 22 23 | 16 17 18 19 20 21 22 | 20 21 22 23 24 25 26 |
| 27 28 29 30 31 | 24 25 26 27 28 29 | 23 24 25 26 27 28 29 | 27 28 29 30 |
| | | 30 31 | |

| May 2008 | June 2008 | July 2008 | August 2008 |
| :--- | :--- | :--- | :--- |
| Su Mo Tu We Th Fr Sa | Su Mo Tu We Th Fr Sa | Su Mo Tu We Th Fr Sa | Su Mo Tu We Th Fr Sa |
| 1 2 3 | 1 2 3 4 5 6 7 | 1 2 3 4 5 | 1 2 |
| 4 5 6 7 8 9 10 | 8 9 10 11 12 13 14 | 6 7 8 9 10 11 12 | 3 4 5 6 7 8 9 |
| 11 12 13 14 15 16 17 | 15 16 17 18 19 20 21 | 13 14 15 16 17 18 19 | 10 11 12 13 14 15 16 |
| 18 19 20 21 22 23 24 | 22 23 24 25 26 27 28 | 20 21 22 23 24 25 26 | 17 18 19 20 21 22 23 |
| 25 26 27 28 29 30 31 | 29 30 | 27 28 29 30 31 | 24 25 26 27 28 29 30 |
| | | | 31 |

| September 2008 | October 2008 | November 2008 | December 2008 |
| :--- | :--- | :--- | :--- |
| Su Mo Tu We Th Fr Sa | Su Mo Tu We Th Fr Sa | Su Mo Tu We Th Fr Sa | Su Mo Tu We Th Fr Sa |
| 1 2 3 4 5 6 | 1 2 3 4 | 1 | 1 2 3 4 5 6 |
| 7 8 9 10 11 12 13 | 5 6 7 8 9 10 11 | 2 3 4 5 6 7 8 | 7 8 9 10 11 12 13 |
| 14 15 16 17 18 19 20 | 12 13 14 15 16 17 18 | 9 10 11 12 13 14 15 | 14 15 16 17 18 19 20 |
| 21 22 23 24 25 26 27 | 19 20 21 22 23 24 25 | 16 17 18 19 20 21 22 | 21 22 23 24 25 26 27 |
| 28 29 30 | 26 27 28 29 30 31 | 23 24 25 26 27 28 29 | 28 29 30 31 |
| | | 30 | |