Appendix A

COMMONWEALTH OF PENNSYLVANIA
37½ HOUR STANDARD PAY SCHEDULE
EFFECTIVE JULY 1, 2002
SCHEDULE S

| PAY STEP | PAY RANGE 1 | PAY RANGE 2 | PAY RANGE 3 | PAY RANGE 4 | PAY RANGE 5 | PAY RANGE 6 | PAY RANGE 7 | PAY RANGE 8 | PAY RANGE 9 | PAY RANGE 10 |
| :--- | :--- | :--- | :--- | :--- | :--- | :--- | :--- | :--- | :--- | :--- |
| Hourly | 9.16 | 10.31 | 11.62 | 13.10 | 14.78 | 16.73 | 19.10 | 21.79 | 24.87 | 28.39 |
| 1 Biweekly | 657.00 | 773.25 | 871.50 | 952.50 | 1,105.50 | 1,254.75 | 1,432.50 | 1,634.25 | 1,865.25 | 2,129.25 |
| Annual* | 17,082 | 20,104 | 22,729 | 25,614 | 28,743 | 32,623 | 37,245 | 42,491 | 48,500 | 55,361 |
| Hourly | 9.35 | 10.52 | 11.83 | 13.35 | 15.10 | 17.09 | 19.53 | 22.27 | 25.42 | 29.02 |
| 2 Biweekly | 701.25 | 789.00 | 887.25 | 1,001.25 | 1,132.50 | 1,251.75 | 1,464.75 | 1,670.25 | 1,906.50 | 2,176.50 |
| Annual* | 18,289 | 20,577 | 23,139 | 26,113 | 29,356 | 33,428 | 38,201 | 43,569 | 49,722 | 56,763 |
| Hourly | 9.53 | 10.7 | 12.08 | 13.63 | 15.39 | 17.38 | 19.84 | 22.78 | 26.00 | 29.65 |
| 3 Biweekly | 714.75 | 803.50 | 906.00 | 1,022.25 | 1,153.75 | 1,308.75 | 1,495.50 | 1,708.50 | 1,950.00 | 2,225.25 |
| Annual* | 18,641 | 20,949 | 23,628 | 26,669 | 30,103 | 34,192 | 39,081 | 44,558 | 50,803 | 58,035 |
| Hourly | 9.72 | 10.94 | 12.34 | 13.93 | 15.71 | 17.85 | 20.39 | 23.30 | 26.57 | 30.32 |
| 4 Biweekly | 729.00 | 820.50 | 925.50 | 1,044.75 | 1,178.25 | 1,335.75 | 1,529.25 | 1,747.50 | 1,992.75 | 2,274.00 |
| Annual* | 19,012 | 21,399 | 24,137 | 27,247 | 30,729 | 34,915 | 39,883 | 45,571 | 51,971 | 59,306 |
| Hourly | 9.9 | 11.15 | 12.55 | 14.18 | 16.03 | 18.27 | 20.84 | 23.81 | 27.18 | 30.98 |
| 5 Biweekly | 742.50 | 836.25 | 941.25 | 1,063.50 | 1,202.25 | 1,307.50 | 1,563.00 | 1,775.25 | 2,035.80 | 2,323.50 |
| Annual* | 19,364 | 21,809 | 24,588 | 27,366 | 31,355 | 35,736 | 40,673 | 46,352 | 53,164 | 60,597 |
| Hourly | 10.10 | 11.37 | 12.83 | 14.48 | 16.38 | 18.66 | 21.33 | 24.34 | 27.76 | 31.69 |
| 6 Biweekly | 757.50 | 852.50 | 962.25 | 1,086.00 | 1,228.50 | 1,399.50 | 1,599.75 | 1,825.50 | 2,085.00 | 2,376.75 |
| Annual* | 19,758 | 22,221 | 25,085 | 28,329 | 32,290 | 36,699 | 41,727 | 47,549 | 54,289 | 61,986 |
| Hourly | 10.13 | 11.62 | 13.10 | 14.78 | 16.73 | 18.95 | 21.59 | 24.79 | 28.39 | 32.41 |
| 7 Biweekly | 773.25 | 871.50 | 952.50 | 1,105.50 | 1,254.75 | 1,432.50 | 1,634.25 | 1,865.25 | 2,129.25 | 2,430.75 |
| Annual* | 20,166 | 22,729 | 25,614 | 28,910 | 32,724 | 37,260 | 42,691 | 48,546 | 55,331 | 63,984 |
| Hourly | 10.52 | 11.83 | 13.35 | 15.10 | 17.09 | 19.53 | 22.27 | 25.42 | 29.02 | 33.11 |
| 8 Biweekly | 789.00 | 887.25 | 1,001.25 | 1,132.50 | 1,251.75 | 1,464.75 | 1,670.25 | 1,906.50 | 2,176.50 | 2,483.25 |
| Annual* | 20,577 | 23,139 | 26,113 | 29,536 | 33,428 | 38,201 | 43,569 | 49,722 | 56,763 | 64,783 |
| Hourly | 10.71 | 12.08 | 13.63 | 15.39 | 17.45 | 19.94 | 22.78 | 26.00 | 29.63 | 33.85 |
| 9 Biweekly | 803.25 | 906.00 | 1,022.25 | 1,154.25 | 1,308.75 | 1,495.50 | 1,708.50 | 1,950.00 | 2,225.25 | 2,538.75 |
| Annual* | 20,949 | 23,628 | 26,660 | 30,103 | 34,192 | 39,003 | 44,558 | 50,803 | 58,035 | 66,211 |
| Hourly | 10.94 | 12.34 | 13.93 | 15.73 | 17.85 | 20.39 | 23.30 | 26.57 | 30.32 | 34.60 |
| 10 Biweekly | 820.50 | 925.50 | 1,044.75 | 1,178.25 | 1,338.75 | 1,529.25 | 1,747.50 | 1,992.75 | 2,595.00 | 2,595.00 |
| Annual* | 21,399 | 24,137 | 27,247 | 30,729 | 34,915 | 39,883 | 45,571 | 51,971 | 59,306 | 67,678 |

Page 1 of 4
