Appendix C

**COMMONWEALTH OF PENNSYLVANIA**
**37½ HOUR STANDARD PAY SCHEDULE**
**EFFECTIVE JANUARY 1, 2007**
**SCHEDULE S**

| PAY STEP | PAY RANGE 1 | PAY RANGE 2 | PAY RANGE 3 | PAY RANGE 4 | PAY RANGE 5 | PAY RANGE 6 | PAY RANGE 7 | PAY RANGE 8 | PAY RANGE 9 | PAY RANGE 10 |
| :--- | :--- | :--- | :--- | :--- | :--- | :--- | :--- | :--- | :--- | :--- |
| Hourly | 9.76 | 10.99 | 12.39 | 13.96 | 13.75 | 17.83 | 20.36 | 23.23 | 26.52 | 30.26 |
| 1 Bweekly | 732.00 | 824.25 | 929.25 | 1,047.00 | 1,031.25 | 1,337.25 | 1,527.00 | 1,742.25 | 1,989.00 | 2,269.50 |
| Annual | 19,032 | 21,430 | 24,161 | 27,222 | 26,812 | 33,767 | 39,801 | 45,300 | 51,813 | 59,189 |
| Hourly | 9.97 | 11.22 | 12.61 | 14.23 | 16.09 | 18.22 | 20.82 | 23.74 | 27.10 | 30.94 |
| 2 Bweekly | 747.75 | 841.50 | 945.75 | 1,067.25 | 1,206.75 | 1,366.50 | 1,561.50 | 1,780.50 | 2,032.50 | 2,320.50 |
| Annual | 19,440 | 21,888 | 24,588 | 27,756 | 30,374 | 34,529 | 40,599 | 46,293 | 52,845 | 60,333 |
| Hourly | 10.16 | 11.42 | 12.88 | 14.53 | 18.40 | 20.60 | 22.18 | 24.28 | 27.72 | 31.63 |
| 3 Bweekly | 762.00 | 856.50 | 966.00 | 1,089.75 | 1,380.00 | 1,545.00 | 1,663.50 | 1,848.00 | 2,079.00 | 2,372.25 |
| Annual | 19,808 | 22,268 | 25,104 | 28,312 | 36,000 | 40,161 | 43,251 | 48,048 | 54,054 | 61,678 |
| Hourly | 10.36 | 11.66 | 13.15 | 14.85 | 16.93 | 20.17 | 22.45 | 24.84 | 28.33 | 32.32 |
| 4 Bweekly | 777.00 | 874.50 | 986.25 | 1,113.75 | 1,265.25 | 1,427.25 | 1,630.50 | 1,863.00 | 2,124.75 | 2,424.00 |
| Annual | 20,204 | 22,722 | 25,645 | 28,956 | 33,126 | 37,107 | 42,393 | 48,438 | 55,242 | 63,024 |
| Hourly | 10.56 | 11.88 | 13.38 | 15.12 | 17.09 | 19.48 | 22.22 | 25.38 | 28.98 | 33.03 |
| 5 Bweekly | 792.00 | 891.00 | 1,003.50 | 1,134.00 | 1,281.50 | 1,461.00 | 1,666.50 | 1,903.50 | 2,173.50 | 2,477.25 |
| Annual | 20,595 | 23,172 | 26,091 | 29,484 | 33,644 | 37,986 | 43,329 | 49,491 | 56,511 | 64,407 |
| Hourly | 10.76 | 12.12 | 13.67 | 15.43 | 17.46 | 19.86 | 22.59 | 25.95 | 29.59 | 33.78 |
| 6 Bweekly | 807.00 | 909.00 | 1,025.25 | 1,157.25 | 1,309.50 | 1,491.75 | 1,705.50 | 1,944.75 | 2,215.25 | 2,539.50 |
| Annual | 21,000 | 23,637 | 26,656 | 30,077 | 34,347 | 38,737 | 44,343 | 50,542 | 57,595 | 66,027 |
| Hourly | 10.95 | 12.39 | 13.95 | 15.75 | 18.13 | 20.53 | 23.16 | 26.82 | 30.36 | 34.55 |
| 7 Bweekly | 824.25 | 929.25 | 1,047.00 | 1,181.50 | 1,337.25 | 1,527.00 | 1,742.25 | 1,989.00 | 2,269.50 | 2,591.50 |
| Annual | 21,496 | 24,335 | 27,366 | 30,874 | 34,529 | 39,801 | 45,300 | 51,813 | 59,189 | 67,580 |
| Hourly | 11.22 | 12.61 | 14.23 | 16.09 | 18.22 | 20.82 | 23.74 | 27.10 | 30.94 | 35.29 |
| 8 Bweekly | 841.50 | 945.75 | 1,067.25 | 1,206.75 | 1,366.50 | 1,561.50 | 1,780.50 | 2,032.50 | 2,320.50 | 2,646.75 |
| Annual | 21,946 | 24,665 | 27,834 | 31,350 | 35,374 | 40,599 | 46,293 | 52,845 | 60,519 | 69,027 |
| Hourly | 11.42 | 12.88 | 14.53 | 16.40 | 18.60 | 21.26 | 24.28 | 27.72 | 31.63 | 36.09 |
| 9 Bweekly | 856.50 | 966.00 | 1,089.75 | 1,230.00 | 1,395.00 | 1,594.50 | 1,821.00 | 2,079.00 | 2,372.25 | 2,706.75 |
| Annual | 22,338 | 25,193 | 28,412 | 32,067 | 36,582 | 41,585 | 47,492 | 54,220 | 61,868 | 70,592 |
| Hourly | 11.66 | 13.15 | 14.85 | 16.75 | 19.15 | 21.75 | 24.84 | 28.33 | 32.32 | 36.89 |
| 10 Bweekly | 874.50 | 986.25 | 1,113.75 | 1,256.25 | 1,427.25 | 1,630.50 | 1,863.00 | 2,124.75 | 2,424.00 | 2,766.75 |
| Annual | 22,807 | 25,721 | 29,047 | 32,763 | 37,223 | 42,583 | 48,587 | 55,413 | 63,218 | 72,157 |

Page 1 of 4
