Appendix A

COMMONWEALTH OF PENNSYLVANIA
40 HOUR STANDARD PAY SCHEDULE
EFFECTIVE JULY 1, 2002
SCHEDULE S

| STEP | PAY RANGE 1 | PAY RANGE 2 | PAY RANGE 3 | PAY RANGE 4 | PAY RANGE 5 | PAY RANGE 6 | PAY RANGE 7 | PAY RANGE 8 | PAY RANGE 9 |
| :--- | :--- | :--- | :--- | :--- | :--- | :--- | :--- | :--- | :--- |
| 1 | 11.15 | 12.55 | 14.18 | 16.03 | 18.27 | 20.84 | 23.81 | 27.18 | 30.98 |
| 11 Biweekly* | 929.00 | 1,004.00 | 1,134.40 | 1,252.40 | 1,461.60 | 1,667.20 | 1,904.50 | 2,174.40 | 2,478.40 |
| Annual* | 23,263 | 26,184 | 29,585 | 33,445 | 38,191 | 43,581 | 49,677 | 56,708 | 64,337 |
| 12 | 11.37 | 12.83 | 14.48 | 16.38 | 18.66 | 21.33 | 24.34 | 27.76 | 31.69 |
| 12 Biweekly* | 909.60 | 1,026.40 | 1,158.40 | 1,310.40 | 1,492.50 | 1,706.40 | 1,947.20 | 2,220.50 | 2,535.20 |
| Annual* | 23,722 | 26,769 | 30,211 | 34,175 | 38,932 | 44,503 | 50,783 | 57,918 | 66,118 |
| 13 | 11.62 | 13.10 | 14.78 | 16.73 | 19.10 | 21.79 | 24.87 | 28.39 | 32.41 |
| 13 Biweekly* | 929.60 | 1,048.00 | 1,185.60 | 1,335.40 | 1,528.00 | 1,743.20 | 1,989.60 | 2,271.20 | 2,592.50 |
| Annual* | 24,244 | 27,332 | 30,945 | 34,985 | 39,850 | 45,528 | 51,889 | 59,203 | 67,620 |
| 14 | 11.83 | 13.35 | 15.10 | 17.09 | 19.53 | 22.27 | 25.42 | 29.02 | 33.11 |
| 14 Biweekly* | 946.40 | 1,065.00 | 1,208.00 | 1,367.20 | 1,562.40 | 1,781.60 | 2,033.60 | 2,321.60 | 2,645.80 |
| Annual* | 24,854 | 27,853 | 31,505 | 35,607 | 40,474 | 46,036 | 53,036 | 60,547 | 69,081 |
| 15 | 12.08 | 13.63 | 15.39 | 17.45 | 19.94 | 22.78 | 26.00 | 29.67 | 33.85 |
| 15 Biweekly* | 966.40 | 1,090.40 | 1,231.20 | 1,396.00 | 1,595.20 | 1,822.40 | 2,050.00 | 2,373.60 | 2,708.00 |
| Annual* | 25,204 | 28,438 | 32,110 | 36,408 | 41,603 | 47,528 | 54,190 | 61,903 | 70,625 |
| 16 | 12.34 | 13.93 | 15.71 | 17.85 | 20.39 | 23.30 | 26.50 | 30.32 | 34.60 |
| 16 Biweekly* | 987.20 | 1,114.40 | 1,256.50 | 1,425.60 | 1,631.20 | 1,860.40 | 2,125.60 | 2,425.60 | 2,786.00 |
| Annual* | 25,746 | 29,094 | 32,877 | 37,221 | 42,424 | 48,561 | 55,368 | 63,260 | 72,189 |
| 17 | 12.83 | 14.48 | 16.38 | 18.66 | 21.33 | 24.34 | 27.76 | 31.69 | 36.16 |
| 17 Biweekly* | 1,004.00 | 1,134.40 | 1,252.40 | 1,461.60 | 1,667.20 | 1,904.50 | 2,174.40 | 2,478.40 | 2,831.20 |
| Annual* | 26,184 | 29,585 | 33,445 | 38,191 | 43,497 | 49,677 | 56,708 | 64,337 | 73,828 |
| 18 | 12.83 | 14.48 | 16.38 | 18.66 | 21.33 | 24.34 | 27.76 | 31.69 | 36.16 |
| 18 Biweekly* | 1,026.40 | 1,158.40 | 1,310.40 | 1,492.50 | 1,706.40 | 1,947.20 | 2,220.50 | 2,535.20 | 2,892.80 |
| Annual* | 26,769 | 30,211 | 34,175 | 38,932 | 44,503 | 50,783 | 57,918 | 66,118 | 75,444 |
| 19 | 13.10 | 14.78 | 16.73 | 19.10 | 21.79 | 24.87 | 28.39 | 32.41 | 36.99 |
| 19 Biweekly* | 1,048.00 | 1,185.60 | 1,335.40 | 1,528.00 | 1,743.20 | 1,989.60 | 2,271.20 | 2,592.50 | 2,959.20 |
| Annual* | 27,352 | 30,945 | 34,985 | 39,930 | 45,563 | 51,889 | 59,203 | 67,620 | 77,176 |
| 20 | 13.35 | 15.10 | 17.09 | 19.53 | 22.27 | 25.42 | 29.02 | 33.11 | 37.81 |
| 20 Biweekly* | 1,065.00 | 1,208.00 | 1,367.20 | 1,562.40 | 1,781.60 | 2,033.60 | 2,321.60 | 2,648.50 | 3,024.50 |
| Annual* | 27,853 | 31,505 | 35,657 | 40,747 | 46,036 | 53,036 | 60,547 | 69,081 | 78,887 |

\* Approximate annual rate is derived by multiplying the biweekly rate by 26.08 and rounding to the nearest dollar.
Applies to all employees whose work week is 40 hours and who are eligible to be paid according to this schedule unless authorized in the chapter "Attendances, Holidays and Leaves." Title 4, Pennsylvania Code.
Page 4 of 4
